n=4
Accuracy list: [0.0, 0.0, 0.0, 0.0, 0.0, 0.0, 0.0, 0.0, 1.0, 1.0, 0.0, 0.0, 0.0, 1.0, 0.0, 0.0, 0.0, 0.0, 0.0, 1.0, 0.0, 0.0, 0.0, 0.0, 1.0, 0.0, 0.0, 1.0, 0.0, 0.0, 0.0, 1.0, 0.0, 1.0, 0.0, 0.0, 1.0, 0.0, 0.0, 0.0, 0.0, 0.0, 1.0, 0.0, 1.0, 0.0, 1.0, 0.0, 1.0, 0.0]

Total accuracy: 0.26

Distance list: [1000.0, 1000.0, 0.3085565249753894, 0.4616545137247427, 1000.0, 0.4521116718302023, 1000.0, 0.12396160855187975, 0.022196892782099548, 0.006431022043031144, 1000.0, 0.23572513224893785, 1000.0, 0.0003836576281422141, 1000.0, 1000.0, 0.4826852427043935, 62.967889628896764, 2.830386041248602, 0.04518640684322548, 0.4119334536850072, 52.14178628367358, 1000.0, 8.865402751267714, 0.008740805131337048, 1000.0, 1000.0, 0.6738308335990132, 27.185775604131216, 0.10649736478271792, 1000.0, 2.4676498676366583, 1000.0, 0.003293594218603691, 0.8475076049983477, 14.580466891074684, 0.026319622644311293, 1000.0, 1000.0, 29.519734655688733, 1000.0, 0.7085377778082964, 0.29670584489853147, 0.20648725165865472, 0.04260754648810462, 1000.0, 0.00474831399795304, 0.5621684981939759, 0.010593996637952656, 1000.0]


Distance list: [1000.0, 2.655255392302802, 0.3085565249753894, 0.4616545137247427, 1000.0, 0.4521116718302023, 1000.0, 0.12396160855187975, 0.022196892782099548, 0.006431022043031144, 1000.0, 0.23572513224893785, 1000.0, 0.0003836576281422141, 1000.0, 1000.0, 0.4826852427043935, 62.967889628896764, 2.830386041248602, 0.04518640684322548, 0.4119334536850072, 52.14178628367358, 1000.0, 8.865402751267714, 0.008740805131337048, 1000.0, 1000.0, 0.6738308335990132, 27.185775604131216, 0.10649736478271792, 0.1927075191566221, 2.4676498676366583, 1000.0, 0.003293594218603691, 0.8475076049983477, 14.580466891074684, 0.026319622644311293, 1000.0, 1000.0, 22.506492794452143, 1000.0, 0.7085377778082964, 0.29670584489853147, 0.20648725165865472, 0.04260754648810462, 1000.0, 0.00474831399795304, 0.5621684981939759, 0.010593996637952656, 1000.0]


Ratio list: [10000.0, 10000.0, 3.085565249753894, 4.616545137247426, 10000.0, 4.521116718302023, 10000.0, 1.2396160855187977, 0.22196892782099548, 0.02143674014343715, 10000.0, 2.3572513224893785, 10000.0, 0.003836576281422141, 10000.0, 10000.0, 4.826852427043935, 31.483944814448385, 3.5379825515607526, 0.45186406843225485, 2.059667268425036, 521.4178628367358, 10000.0, 2.2163506878169286, 0.08740805131337048, 10000.0, 10000.0, 0.08422885419987665, 271.8577560413122, 1.0649736478271792, 10000.0, 0.8225499558788861, 10000.0, 0.03293594218603691, 8.475076049983477, 18.225583613843355, 0.13159811322155648, 10000.0, 10000.0, 295.19734655688734, 10000.0, 7.085377778082964, 0.07417646122463287, 2.064872516586547, 0.42607546488104625, 10000.0, 0.0474831399795304, 5.621684981939759, 0.10593996637952656, 10000.0]

#######################################################################################################

n=5
Accuracy list: [0.0, 0.0, 0.0, 0.0, 0.0, 0.0, 0.0, 0.0, 1.0, 1.0, 0.0, 0.0, 0.0, 1.0, 0.0, 0.0, 0.0, 0.0, 0.0, 1.0, 0.0, 0.0, 0.0, 0.0, 1.0, 0.0, 0.0, 1.0, 0.0, 0.0, 0.0, 1.0, 0.0, 1.0, 0.0, 0.0, 1.0, 0.0, 0.0, 0.0, 0.0, 0.0, 1.0, 0.0, 1.0, 0.0, 1.0, 0.0, 1.0, 0.0]

Distance list: [1000.0, 2.655255392302802, 0.3085565249753894, 0.4616545137247427, 1000.0, 0.4521116718302023, 1000.0, 0.12396160855187975, 0.022196892782099548, 0.006431022043031144, 1000.0, 0.23572513224893785, 1000.0, 0.0003836576281422141, 1000.0, 1000.0, 0.4826852427043935, 62.967889628896764, 2.830386041248602, 0.04518640684322548, 0.4119334536850072, 52.14178628367358, 1000.0, 8.865402751267714, 0.008740805131337048, 1000.0, 1000.0, 0.6738308335990132, 27.185775604131216, 0.10649736478271792, 0.1927075191566221, 2.4676498676366583, 1000.0, 0.003293594218603691, 0.8475076049983477, 14.580466891074684, 0.026319622644311293, 1000.0, 1000.0, 22.506492794452143, 1000.0, 0.7085377778082964, 0.29670584489853147, 0.20648725165865472, 0.04260754648810462, 1000.0, 0.00474831399795304, 0.5621684981939759, 0.010593996637952656, 1000.0]

Total accuracy: 0.26
Ratio list: [10000.0, 26.55255392302802, 3.085565249753894, 4.616545137247426, 10000.0, 4.521116718302023, 10000.0, 1.2396160855187977, 0.22196892782099548, 0.02143674014343715, 10000.0, 2.3572513224893785, 10000.0, 0.003836576281422141, 10000.0, 10000.0, 4.826852427043935, 31.483944814448385, 3.5379825515607526, 0.45186406843225485, 2.059667268425036, 521.4178628367358, 10000.0, 2.2163506878169286, 0.08740805131337048, 10000.0, 10000.0, 0.08422885419987665, 271.8577560413122, 1.0649736478271792, 1.927075191566221, 0.8225499558788861, 10000.0, 0.03293594218603691, 8.475076049983477, 18.225583613843355, 0.13159811322155648, 10000.0, 10000.0, 225.06492794452143, 10000.0, 7.085377778082964, 0.07417646122463287, 2.064872516586547, 0.42607546488104625, 10000.0, 0.0474831399795304, 5.621684981939759, 0.10593996637952656, 10000.0]

####################################################################################################

difference between n=4 and n=5: no difference in accuracy.
difference in distance:

1000.0 2.655255392302802
1000.0 0.1927075191566221
29.519734655688733 22.506492794452143
           
difference between n=5 and n=6: no difference in anything.

also no difference between n=5 and n=7.


